"TOA5","MET_STRI","CR1000","36527","CR1000.Std.31.08","CPU:bt_tower20201202kk.CR1","3250","Table1"
"TIMESTAMP","RECORD","PBID","Batt_Volt_Avg","SlrW_N_Max","SlrW_N_Min","SlrW_N_Avg","SlrW_S_Max","SlrW_S_Min","SlrW_S_Avg","WS_kph_Max","WS_kph_Min","WS_kph_S_WVT","WindDir_D1_WVT","WindDir_SD1_WVT","AirTC_Max","AirTC_Min","AirTC_Avg","RH_Max","RH_Min","rhx_Avg","Rain_mm_Tot","T107_C_Avg"
"TS","RN","","Volts","W/m²","W/m²","W/m²","W/m²","W/m²","W/m²","kilometers/hour","kilometers/hour","kilometers/hour","Deg","Deg","Deg C","Deg C","Deg C","%","%","","mm","Deg C"
"","","Smp","Avg","Max","Min","Avg","Max","Min","Avg","Max","Min","WVc","WVc","WVc","Max","Min","Avg","Max","Min","Avg","Tot","Avg"
"2021-02-28 00:15:00",8477,60,13.05,0,0,0,0,0,0,12.1,5.504,8.4,314,8.99,26.29,24.46,24.84,91.8,90.3,91.1,0,28.01
"2021-02-28 00:30:00",8478,60,13.04,2.929,0,0.033,0,0,0,13.27,7.338,9.84,325.9,11.17,26.63,24.05,24.88,91.6,89.8,90.6,0,28
"2021-02-28 00:45:00",8479,60,13.04,0,0,0,0,0,0,12.42,5.221,8.96,329.8,16.36,26.29,23.74,24.41,90.7,88.5,89.8,0,27.99
"2021-02-28 01:00:00",8480,60,13.04,0,0,0,0,0,0,11.54,4.622,7.867,317.1,12.21,26.16,23.81,24.41,89.5,87.8,88.7,0,27.98
"2021-02-28 01:15:00",8481,60,13.03,0,0,0,0,0,0,7.691,0,3.375,43.49,37.06,25.78,23.98,24.42,89.1,87.5,88.1,0,27.95
"2021-02-28 01:30:00",8482,60,13.02,2.929,0,0.098,0,0,0,4.904,1.446,2.978,61.02,13.32,26.22,23.91,24.68,89.1,86.9,88.1,0,27.94
"2021-02-28 01:45:00",8483,60,13.02,0,0,0,0,0,0,14.85,2.152,7.939,32.33,23.45,26.22,23.64,24.44,90.8,88,89,3.302,27.92
"2021-02-28 02:00:00",8484,60,13.02,0,0,0,0,0,0,17.29,3.987,9.55,348.1,15.1,25.82,23.3,24.12,93.3,90.4,92.1,6.604,27.92
"2021-02-28 02:15:00",8485,60,13.01,2.93,0,0.195,0,0,0,18.2,7.656,11.53,307.8,15.91,25.38,23.23,23.71,94.3,91.1,93.2,3.556,27.92
"2021-02-28 02:30:00",8486,60,13.01,2.93,0,1.465,0,0,0,17.11,5.398,11.01,301.3,10.16,25.24,23.23,23.78,93.5,90.5,92,0,27.92
"2021-02-28 02:45:00",8487,60,13,2.93,2.929,2.929,0,0,0,16.33,8.04,11.43,306.8,8.72,25.58,23.27,24.05,93,88.7,90.3,0,27.92
"2021-02-28 03:00:00",8488,60,12.99,2.93,2.929,2.93,0,0,0,15.59,7.056,10.32,310.5,10.58,25.68,23.44,24.31,92.4,89.4,90.9,0,27.91
"2021-02-28 03:15:00",8489,60,12.99,2.93,2.93,2.93,0,0,0,11.32,5.433,8.1,324,8.37,25.55,23.54,24.16,92.3,90.7,91.5,0,27.9
"2021-02-28 03:30:00",8490,60,12.98,2.93,2.929,2.93,0,0,0,11.47,5.61,8.03,317.4,9.97,25.55,23.17,24.24,92.1,89.7,91.1,0,27.89
"2021-02-28 03:45:00",8491,60,12.98,2.93,2.929,2.93,0,0,0,14.46,6.562,9.91,310.8,9.07,25.89,23.44,24.08,90.4,88.8,89.5,0,27.89
"2021-02-28 04:00:00",8492,60,12.97,2.93,0,2.864,0,0,0,19.62,9.07,13.86,302.5,9.27,26.06,23.78,24.13,90.7,87.5,89.2,0,27.9
"2021-02-28 04:15:00",8493,60,12.96,2.93,0,1.074,0,0,0,19.97,10.62,15.55,293.3,8.02,25.78,23.68,24.3,91,86.6,88.6,0,27.9
"2021-02-28 04:30:00",8494,60,12.95,2.93,0,0.098,0,0,0,19.37,9.31,14.78,290,6.784,26.16,24.02,24.63,89,85.5,87.3,0,27.89
"2021-02-28 04:45:00",8495,60,12.94,0,0,0,0,0,0,17.53,7.409,12.9,294.1,10.92,26.33,24.05,24.75,88.5,85,86.4,0,27.86
"2021-02-28 05:00:00",8496,60,12.94,0,0,0,0,0,0,14.78,5.574,10.68,294.8,10.48,26.46,24.08,24.72,87.4,82.6,85,0,27.84
"2021-02-28 05:15:00",8497,60,12.93,0,0,0,0,0,0,15.88,5.221,10.67,295.8,11.14,26.06,24.19,24.58,85,81.1,83.4,0,27.81
"2021-02-28 05:30:00",8498,60,12.93,0,0,0,0,0,0,8.01,3.422,5.292,318,8.5,25.82,23.17,24.08,88.8,84.7,87.3,0,27.79
"2021-02-28 05:45:00",8499,60,12.92,0,0,0,0,0,0,8.29,4.41,5.834,320.8,10.48,25.61,23.1,23.81,89.9,88.1,88.9,0,27.77
"2021-02-28 06:00:00",8500,60,12.91,0,0,0,0,0,0,7.62,2.787,5.357,326.5,9.93,25.51,23.13,23.66,90.8,89.5,90.2,0,27.74
"2021-02-28 06:15:00",8501,60,12.9,0,0,0,0,0,0,8.33,2.364,5.149,330.4,10.11,25.27,22.96,23.79,91.1,90.1,90.5,0,27.7
"2021-02-28 06:30:00",8502,60,12.89,0,0,0,0,0,0,8.4,2.822,5.042,335.1,10.87,25.24,23,23.59,91.9,90.5,91.1,0,27.7
"2021-02-28 06:45:00",8503,60,12.88,2.929,0,0.618,3.633,0,0.646,6.386,1.023,3.654,342.1,16.01,25.1,23.03,23.74,91.3,89.9,90.6,0,27.78
"2021-02-28 07:00:00",8504,60,12.95,17.58,2.929,8.66,18.16,3.633,10.49,7.303,1.482,4.67,344,9.01,25.21,22.93,23.36,91.9,90,90.8,0,27.79
"2021-02-28 07:15:00",8505,60,13.07,64.45,14.65,35.09,54.49,18.16,35.16,6.95,4.339,5.62,334.5,10.44,23.13,22.86,22.97,92.8,91.6,92.2,0,27.79
"2021-02-28 07:30:00",8506,60,13.51,158.2,64.45,108,156.2,54.49,104.5,5.116,1.446,2.724,332.5,10.08,24.56,23,23.62,92.3,86.2,90,0,27.78
"2021-02-28 07:45:00",8507,60,13.83,231.4,134.8,190.1,232.5,138,190.2,6.386,2.258,4.378,336.7,8.1,25.82,24.56,25.4,86.1,79.2,81.3,0,27.8
"2021-02-28 08:00:00",8508,60,13.98,284.2,175.8,256.7,283.3,163.5,257,7.162,2.681,4.14,333.1,14.48,27.47,25.72,26.63,79.95,71.55,76.47,0,27.82
"2021-02-28 08:15:00",8509,60,14,357.4,284.2,324,363.3,283.3,325.9,8.93,2.999,6.143,279.4,13.62,27.3,25.69,26.19,80.3,73.45,77.19,0,27.85
"2021-02-28 08:30:00",8510,60,13.97,415.9,345.6,373.9,421.3,348.7,378.7,12.7,5.398,8.07,255.1,6.674,26.03,25.69,25.84,81.1,76.05,77.89,0,27.88
"2021-02-28 08:45:00",8511,60,13.95,468.6,392.5,432.8,475.8,399.5,439.8,10.62,5.821,8.33,267.7,11.73,25.9,25.59,25.72,81.5,75.95,78.95,0,27.91
"2021-02-28 09:00:00",8512,60,13.93,597.5,448.1,518.3,595.7,457.6,524,9.17,5.151,6.965,273.3,9.98,25.89,25.54,25.74,78.93,76.42,77.55,0,27.95
"2021-02-28 09:15:00",8513,60,13.81,603.4,140.6,223.8,602.9,138,221.2,8.96,4.339,6.916,280.6,7.598,25.98,25.6,25.73,81.6,76.64,78.12,0,27.99
"2021-02-28 09:30:00",8514,60,13.94,720.5,234.3,629.9,733.7,232.4,641.5,10.97,4.551,7.736,278.1,7.774,26.08,25.57,25.84,82,78.91,80.3,0,28.02
"2021-02-28 09:45:00",8515,60,13.93,726.4,442.3,682.4,740.9,450.4,696.9,11.29,7.162,9.41,277.9,9.23,26.38,25.87,26.15,80.5,67.44,74.3,0,28.04
"2021-02-28 10:00:00",8516,60,13.92,761.5,700,741.4,777.3,719.1,756.4,13.09,7.056,10.29,285.1,6.217,26.89,26.18,26.58,74.84,64.79,68.69,0,28.05
"2021-02-28 10:15:00",8517,60,13.91,826,761.5,788.8,835,777.3,804,12.67,8.36,10.7,277.9,7.922,27.03,26.42,26.78,74.02,63.9,68.06,0,28.07
"2021-02-28 10:30:00",8518,60,13.92,890,187.4,669.6,901,188.9,676.7,15.1,7.479,11.75,275.4,6.887,26.72,26.35,26.52,76.13,68.73,71.98,0,28.08
"2021-02-28 10:45:00",8519,60,13.93,928,864,909,937,872,915,15.38,8.11,11.66,285.4,7.918,27.16,26.49,26.81,75.31,66.32,69.87,0,28.1
"2021-02-28 11:00:00",8520,60,13.93,1087,169.9,785.6,1097,159.8,788.6,14.54,9.07,11.97,282.7,7.868,27.27,26.93,27.12,71.78,65.43,68.03,0,28.1
"2021-02-28 11:15:00",8521,60,13.9,1131,134.7,491,1144,130.8,488.4,14.71,8.5,12.05,275.7,9.42,27.44,27.06,27.21,71.85,65.43,67.93,0,28.14
"2021-02-28 11:30:00",8522,60,13.88,1148,149.4,431.6,1162,148.9,431,13.72,5.08,10.62,273.5,6.563,27.51,27.13,27.38,68.32,64.76,66.21,0,28.19
"2021-02-28 11:45:00",8523,60,13.95,1204,155.2,503.5,1224,156.2,507.2,12.77,4.622,9.05,272.1,9.64,27.69,27.31,27.45,70.47,64.19,66.91,0,28.17
"2021-02-28 12:00:00",8524,60,13.94,1177,158.2,527.3,1184,159.8,527.7,9.84,4.198,7.416,246.2,11.55,27.7,27.39,27.56,69.09,63.25,65.41,0,28.19
"2021-02-28 12:15:00",8525,60,13.98,1189,175.7,310.8,1217,178,313.5,6.174,1.905,4.372,164.4,30.19,27.93,27.49,27.68,67.49,64.27,65.64,0,28.19
"2021-02-28 12:30:00",8526,60,13.99,1201,292.9,911,1220,290.6,921,7.409,0,2.929,159.1,59.8,28.44,27.76,28.1,66.37,62.16,64.09,0,28.23
"2021-02-28 12:45:00",8527,60,13.98,1154,407.1,1048,1162,406.8,1086,3.669,0,1.728,215.9,13.21,29.09,28.34,28.74,63.86,59.92,61.3,0,28.33
"2021-02-28 13:00:00",8528,60,13.96,987,228.5,374.7,1148,225.2,430,8.04,0.706,4.55,129.4,57.55,29.02,28.2,28.55,65.45,60.7,63.25,0,28.39
"2021-02-28 13:15:00",8529,60,13.96,1101,263.6,954,1119,261.5,966,9.31,0,5.708,91.4,31.86,28.91,28.2,28.53,64.19,58.86,61.59,0,28.41
"2021-02-28 13:30:00",8530,60,13.96,1277,826,1148,1293,835,1158,9.67,1.87,5.884,32.81,55.91,29.82,28.57,29.15,61.6,55.66,58.62,0,28.48
"2021-02-28 13:45:00",8531,60,13.94,1283,439.3,528.6,1329,450.4,538.1,12.24,0,6.682,28.56,41.22,30.09,29.2,29.67,60.28,54.13,56.23,0,28.46
"2021-02-28 14:00:00",8532,60,13.93,1248,410.1,735.6,1278,414.1,751.8,14.25,1.376,7.54,60.71,24.09,29.47,28.96,29.17,59.86,54.53,57.02,0,28.43
"2021-02-28 14:15:00",8533,60,13.92,1265,495,774.8,1300,508.5,788.2,14.82,3.422,8.61,54.11,26.73,29.54,29.03,29.25,59.19,52.6,55.33,0,28.42
"2021-02-28 14:30:00",8534,60,13.92,1101,398.3,868,1133,381.4,884,14.25,2.399,7.227,20.36,30.23,30.05,29.17,29.7,58.51,52.16,55.08,0,28.42
"2021-02-28 14:45:00",8535,60,13.92,946,879,903,959,886,911,18.77,3.951,9.06,53.12,23.35,29.78,29.17,29.5,57.79,52.29,55.82,0,28.43
"2021-02-28 15:00:00",8536,60,13.92,879,852,865,886,857,870,19.69,0.247,7.717,40.47,30.66,30.08,29.2,29.64,61.53,54.13,57.69,0,28.43
"2021-02-28 15:15:00",8537,60,13.93,1037,861,930,1039,864,929,17.82,1.729,9.44,14.35,26.77,29.88,29.2,29.61,60.92,55.45,59.13,0,28.45
"2021-02-28 15:30:00",8538,60,13.94,1098,413,650.5,1104,414.1,649.6,17.18,3.457,9.79,17.36,21.34,30.02,28.86,29.34,64.41,57.52,61.34,0,28.46
"2021-02-28 15:45:00",8539,60,13.94,1107,486.2,786.6,1111,486.7,785.8,16.44,2.681,8.7,26.88,26.06,29.44,28.96,29.25,63.57,58.1,61.59,0,28.43
"2021-02-28 16:00:00",8540,60,13.93,521.4,351.5,389,523,352.3,391.3,14.54,2.54,7.861,26.42,25.22,29.51,28.42,29.03,68.18,61.29,64.37,0,28.39
"2021-02-28 16:15:00",8541,60,13.94,533.1,351.5,402,537.5,355.9,402,17.78,2.152,8.31,25.11,25.25,28.79,28.25,28.55,68.93,66.28,67.32,0,28.32
"2021-02-28 16:30:00",8542,60,13.94,357.3,266.5,305.3,359.6,268.8,305.5,21.13,1.94,8.3,37.56,30.78,28.42,27.4,27.84,75.55,67.54,71.8,0,28.3
"2021-02-28 16:45:00",8543,60,13.96,597.5,287,340.7,595.7,283.3,338.1,17.75,1.799,9.35,35.83,28.14,27.57,27.14,27.36,75.14,71.01,72.63,0,28.28
"2021-02-28 17:00:00",8544,60,13.97,415.9,155.2,207.4,414.1,152.5,206,13.23,2.928,7.203,31.31,26.9,27.51,27.05,27.24,74.52,70.77,72.94,0,28.28
"2021-02-28 17:15:00",8545,60,13.98,152.3,128.9,139.6,152.5,127.1,139.1,13.55,3.105,7.627,20.71,22.85,27.25,26.91,27.06,75.98,71.19,73.68,0,28.25
"2021-02-28 17:30:00",8546,60,13.98,128.9,93.7,113.2,127.1,94.4,112.4,10.44,2.928,6.265,25.37,19.37,27.19,26.92,27.05,73.51,71.98,72.74,0,28.23
"2021-02-28 17:45:00",8547,60,13.86,93.7,76.15,84.6,94.4,76.27,84,12.45,2.681,7.287,16.29,22.62,27.12,26.75,26.95,73.51,69.63,71.79,0,28.22
"2021-02-28 18:00:00",8548,60,13.73,93.7,64.44,75.89,90.8,65.38,74.74,10.27,4.057,6.863,9.69,15.08,27.05,26.71,26.83,74.42,71.54,73.07,0,28.21
"2021-02-28 18:15:00",8549,60,13.59,64.44,29.29,46.02,65.38,29.06,46.29,11.43,3.528,6.131,9.53,14.31,26.95,26.68,26.81,72.18,68.61,70.44,0,28.2
"2021-02-28 18:30:00",8550,60,13.4,29.29,8.79,18.03,29.06,10.9,18.85,9.77,3.422,5.799,13.04,12.71,26.88,26.51,26.7,72.08,68.82,70.21,0,28.2
"2021-02-28 18:45:00",8551,60,13.2,8.79,0,4.004,10.9,0,4.319,7.726,2.328,4.779,17.61,14.69,28.21,25.83,26.63,75.24,71.71,73.51,0,28.21
"2021-02-28 19:00:00",8552,60,12.89,2.929,0,0.033,0,0,0,9.38,1.799,5.147,18.19,15.49,28.21,25.73,26.27,76.97,74.97,75.9,0,28.23
"2021-02-28 19:15:00",8553,60,12.85,0,0,0,0,0,0,8.15,3.457,5.141,359.2,12.46,27.46,25.52,26.26,78.7,76.12,77.15,0,28.23
"2021-02-28 19:30:00",8554,60,12.85,0,0,0,0,0,0,7.021,2.964,4.489,333.9,10.67,27.29,25.52,26,84,77.89,80.6,0,28.23
"2021-02-28 19:45:00",8555,60,12.86,0,0,0,0,0,0,7.832,1.482,3.206,314.2,15.02,27.7,25.32,25.81,84.3,82.1,83.6,0,28.22
"2021-02-28 20:00:00",8556,60,12.85,0,0,0,0,0,0,10.23,2.787,7.419,296.8,10.31,28.18,25.73,26.15,84.9,81.6,82.6,0,28.21
"2021-02-28 20:15:00",8557,60,12.81,0,0,0,0,0,0,6.95,1.235,3.15,341.3,16.41,27.47,25.53,26.05,84.5,81.7,83.3,0,28.2
"2021-02-28 20:30:00",8558,60,13.01,0,0,0,0,0,0,5.186,2.505,3.605,342.6,10.13,27.6,25.22,25.92,85.5,84.2,84.9,0,28.21
"2021-02-28 20:45:00",8559,60,13.07,0,0,0,0,0,0,4.269,1.482,2.48,331.4,11.37,27.43,24.91,25.96,86.6,85.3,86,0,28.21
"2021-02-28 21:00:00",8560,60,12.96,0,0,0,0,0,0,4.198,1.658,2.786,329.6,11.06,27.61,25.13,25.69,87.1,85.8,86.5,0,28.22
"2021-02-28 21:15:00",8561,60,13.07,0,0,0,0,0,0,4.375,2.258,3.428,343.4,13.61,27.13,24.89,25.8,87.1,85.6,86.3,0,28.21
"2021-02-28 21:30:00",8562,60,13.08,0,0,0,0,0,0,4.057,1.023,2.299,323.1,9.1,27.3,25.23,25.69,88,85.9,87,0,28.2
"2021-02-28 21:45:00",8563,60,13.08,0,0,0,0,0,0,9.7,2.223,4.848,320.4,12.51,27.27,25.02,25.61,89.2,87.7,88.5,0,28.19
"2021-02-28 22:00:00",8564,60,13.08,0,0,0,0,0,0,9.35,5.151,7.159,309.8,9.83,27.47,25.43,25.99,87.7,85.2,86.5,0,28.16
"2021-02-28 22:15:00",8565,60,13.07,0,0,0,0,0,0,7.938,3.704,5.432,314,9.42,27.57,25.47,26.25,86.6,85,85.7,0,28.13
"2021-02-28 22:30:00",8566,60,13.06,0,0,0,0,0,0,9.1,3.493,6.129,326.4,12.65,27.68,25.2,26.09,86.8,84.5,85.8,0,28.11
"2021-02-28 22:45:00",8567,60,13.05,0,0,0,0,0,0,11.64,3.81,6.804,340.9,12.16,27.57,25.16,26.19,85,83.3,84.2,0,28.11
"2021-02-28 23:00:00",8568,60,12.97,0,0,0,0,0,0,9.1,4.586,6.327,323.3,15.54,27.74,25.23,26.07,85.2,82.9,83.9,0,28.14
"2021-02-28 23:15:00",8569,60,12.96,0,0,0,0,0,0,5.856,1.729,4.027,336.5,9.82,27.78,24.99,25.89,87.7,83.9,85.2,0,28.14
"2021-02-28 23:30:00",8570,60,13.02,0,0,0,0,0,0,7.268,3.457,5.298,353.3,15.34,27.1,24.86,25.61,88.6,86.7,87.7,0,28.13
"2021-02-28 23:45:00",8571,60,13.06,0,0,0,0,0,0,15.7,3.599,8.16,358.2,19.06,26.66,24.31,25.14,89.1,86.6,87.4,1.016,28.12
"2021-03-01 00:00:00",8572,60,13.05,0,0,0,0,0,0,7.268,0,3.131,55.22,35.22,26.32,23.87,24.61,91.4,88.8,90,0.762,28.11
"2021-03-01 00:15:00",8573,60,13.05,2.929,0,0.098,0,0,0,14.5,0,3.055,357.7,21.73,26.15,23.88,24.49,92.3,90.6,91.7,0,28.11
"2021-03-01 00:30:00",8574,60,13.05,2.929,0,0.195,0,0,0,13.87,4.163,7.744,17.52,20.72,25.24,23.78,24.04,93.4,91.5,92.5,0.254,28.1
"2021-03-01 00:45:00",8575,60,13.04,0,0,0,0,0,0,12.67,2.364,5.766,37.7,24.24,25.55,23.17,23.85,93.8,92.8,93.2,0,28.1
"2021-03-01 01:00:00",8576,60,13.04,0,0,0,0,0,0,13.05,2.822,8.08,4.826,18.1,25.44,22.89,23.59,93.6,92.3,93.1,0,28.1
"2021-03-01 01:15:00",8577,60,13.03,0,0,0,0,0,0,16.23,7.303,11,358.3,11.38,25.41,22.83,23.53,93,88.9,91.1,0,28.11
"2021-03-01 01:30:00",8578,60,13.03,0,0,0,0,0,0,11.15,4.481,8.2,6.826,12.59,25.44,23.1,23.74,89.2,87.6,88.2,0,28.16
"2021-03-01 01:45:00",8579,60,13.02,0,0,0,0,0,0,11.43,3.81,6.147,347.9,14.48,25.55,23.27,23.97,89.4,86.4,87.7,0,28.17
"2021-03-01 02:00:00",8580,60,13.02,2.93,0,0.065,0,0,0,7.585,4.304,5.825,349.7,10.9,25.61,23.13,23.95,90.2,88.2,89.5,0.254,28.14
"2021-03-01 02:15:00",8581,60,13.02,0,0,0,0,0,0,6.774,2.752,4.749,355.5,13.63,25.75,23.17,24.09,88.8,87.2,88.1,0,28.11
"2021-03-01 02:30:00",8582,60,13.01,0,0,0,0,0,0,6.139,1.94,3.933,354.3,11.06,25.68,23.1,23.82,89.4,87.2,88.5,0,28.1
"2021-03-01 02:45:00",8583,60,13.01,0,0,0,0,0,0,15.81,3.175,7.414,3.774,16.25,25.41,23.06,23.68,90.7,88.9,89.9,2.032,28.09
"2021-03-01 03:00:00",8584,60,13,0,0,0,0,0,0,12.67,2.258,5.204,11.02,27.61,25.65,22.89,23.89,91.7,90.5,91,0,28.09
"2021-03-01 03:15:00",8585,60,13,2.93,0,0.977,0,0,0,11.68,1.94,6.381,309.2,21.07,25.38,22.96,23.82,92.5,89.4,91.3,0,28.1
"2021-03-01 03:30:00",8586,60,12.99,2.93,2.929,2.93,0,0,0,7.374,3.105,5.135,345.4,42.78,25.58,22.89,23.74,91.7,89.4,90.5,0,28.11
"2021-03-01 03:45:00",8587,60,12.99,2.929,0,1.302,0,0,0,7.903,1.27,4.192,300.7,21.06,25.31,23.17,23.73,91.8,88.7,89.9,0,28.11
"2021-03-01 04:00:00",8588,60,12.98,2.93,0,0.326,0,0,0,12.95,2.434,7.602,275.5,17.13,26.02,23.44,24,89.5,80,84.9,0,28.11
"2021-03-01 04:15:00",8589,60,12.98,2.93,0,2.799,0,0,0,14.64,5.292,10.01,254.2,12.42,26.12,23.91,24.45,83.2,77.81,80,0.254,28.1
"2021-03-01 04:30:00",8590,60,12.97,2.929,0,1.269,0,0,0,11.32,1.905,7.188,253.5,16.21,26.43,24.05,24.83,83.7,77.78,79.54,0,28.02
"2021-03-01 04:45:00",8591,60,12.97,0,0,0,0,0,0,16.9,9.7,13.59,252.5,8.71,26.16,24.02,24.69,86.5,79.95,82.9,0,27.93
"2021-03-01 05:00:00",8592,60,12.96,0,0,0,0,0,0,17.32,10.16,13.79,265.4,5.73,26.12,23.91,24.72,83.9,79.1,81,0,27.91
"2021-03-01 05:15:00",8593,60,12.95,0,0,0,0,0,0,16.16,2.046,7.789,321.5,63.79,25.95,23.17,24.34,88.1,80.7,84.5,0,27.87
"2021-03-01 05:30:00",8594,60,12.94,0,0,0,0,0,0,9.14,0,5.637,294.2,37.6,25.38,22.83,23.59,89.5,84.9,87.7,0.254,27.84
"2021-03-01 05:45:00",8595,60,12.94,0,0,0,0,0,0,13.69,4.974,9.52,274.4,13.66,24.93,22.62,23.53,92.9,88.5,90.6,0.254,27.83
"2021-03-01 06:00:00",8596,60,12.93,0,0,0,0,0,0,14.96,9.53,12.14,266.6,6.89,25.17,22.76,23.7,92.5,89.1,90.8,0,27.83
"2021-03-01 06:15:00",8597,60,12.92,0,0,0,0,0,0,17.29,11.32,14.05,270.3,7.165,25.61,23,23.98,91.7,88.2,89.8,0,27.8
"2021-03-01 06:30:00",8598,60,12.91,0,0,0,0,0,0,18.35,10.23,14.29,272.1,8.68,25.58,22.89,23.65,92.9,86.8,90.3,0,27.78
"2021-03-01 06:45:00",8599,60,12.9,0,0,0,0,0,0,18.63,11.11,15.07,267.9,6.892,25.44,23.1,23.62,93.1,89.4,91.2,0.254,27.76
"2021-03-01 07:00:00",8600,60,12.89,2.93,0,2.083,0,0,0,16.51,10.51,13.76,269.1,10.01,25.48,22.93,23.74,92,87.7,89.6,0,27.75
"2021-03-01 07:15:00",8601,60,12.96,5.859,2.929,3.157,7.265,0,6.741,16.26,11.32,13.66,272.3,6.83,24.29,22.89,23.11,93.4,89.2,91.5,0.508,27.69
"2021-03-01 07:30:00",8602,60,13,20.51,5.859,11.85,21.8,7.265,12.27,17.11,10.83,13.92,263.4,8.9,23.47,22.93,23.12,92.3,89.3,90.8,0,27.65
"2021-03-01 07:45:00",8603,60,13.04,52.73,20.51,35.87,47.23,21.8,35.64,19.09,12.03,14.76,274.5,8.13,23.27,23,23.14,93.3,87.5,90.7,0,27.64
"2021-03-01 08:00:00",8604,60,13.15,64.45,46.87,55.17,61.76,47.23,54.17,18.06,9.49,13.79,265.9,9.38,23.4,23,23.22,90.8,87.4,88.9,0,27.63
"2021-03-01 08:15:00",8605,60,13.31,93.7,64.45,85.5,90.8,61.76,85.4,22.76,11.22,17.94,292,5.867,23.47,22.83,23.11,90.1,85.4,87.9,0,27.6
"2021-03-01 08:30:00",8606,60,13.47,123,87.9,111.6,127.2,83.6,111.1,21.17,11.71,16.31,285.8,9.12,23.06,22.59,22.74,92.4,87,89.6,0,27.59
"2021-03-01 08:45:00",8607,60,13.61,208,120.1,175.4,207.1,119.9,174.4,19.47,13.72,16.85,277.2,7.77,23,22.56,22.71,92.4,88.4,90.5,0,27.58
"2021-03-01 09:00:00",8608,60,13.7,246.1,169.9,225.6,247,170.7,224.6,21.45,12.67,17.19,260.8,11.21,23.13,22.79,22.95,92.4,85.3,88.8,0,27.58
"2021-03-01 09:15:00",8609,60,13.62,193.4,123,160.9,192.5,119.9,158.8,21.2,14.08,18.08,252.3,7.01,23.23,22.89,23.03,89.1,84.8,86.6,0,27.59
"2021-03-01 09:30:00",8610,60,13.74,304.7,193.4,258.5,308.8,192.5,259.1,22.47,13.9,18,258.8,6.764,23.37,23.03,23.18,89.1,84.8,86.4,0,27.59
"2021-03-01 09:45:00",8611,60,13.78,298.8,246.1,263.2,301.5,243.4,263.4,20.82,12.67,16.69,266,8.96,23.61,23.2,23.41,88.1,84.3,86,0,27.56
"2021-03-01 10:00:00",8612,60,14.02,943,275.4,537.5,963,272.4,540.3,20.18,14.75,17.59,275.9,7.296,23.95,23.44,23.7,87.7,80.5,83.8,0,27.53
"2021-03-01 10:15:00",8613,60,14.09,1137,451.1,658.1,1159,450.5,662.6,21.56,14.25,17.95,276.7,5.203,24.25,23.78,23.99,83.7,77.53,80.1,0,27.54
"2021-03-01 10:30:00",8614,60,14.07,1137,527.3,837,1148,526.7,846,20.36,12.1,16.17,276.8,10.16,24.54,24.14,24.32,82.4,77.56,79.47,0,27.59
"2021-03-01 10:45:00",8615,60,14.05,1101,926,1028,1115,937,1039,18.7,11.54,15.43,269.7,11.83,24.74,24.24,24.51,82.3,76.77,79.1,0,27.64
"2021-03-01 11:00:00",8616,60,14.03,1195,585.9,993,1195,584.8,999,17.75,8.57,13.5,276.5,8.52,24.78,24.37,24.55,81.4,76.49,78.34,0,27.72
"2021-03-01 11:15:00",8617,60,14.02,1014,574.1,713.6,1039,573.9,723.9,15.28,8.54,11.92,272.8,8.43,25.05,24.57,24.78,80.1,76.46,77.88,0,27.83
"2021-03-01 11:30:00",8618,60,14.01,703,579.9,631.3,719.1,588.4,642.4,13.41,7.091,10.46,273.1,8.62,25.32,24.88,25.08,80.2,76.22,77.63,0,27.93
"2021-03-01 11:45:00",8619,60,14.01,1110,503.8,706.4,1137,512.1,716.9,12.74,7.127,10.1,263.4,7.824,25.69,25.08,25.34,80.3,74.76,76.69,0,28.01
"2021-03-01 12:00:00",8620,60,14,503.8,298.8,382.5,508.5,297.8,385.2,10.65,6.35,8.53,278.9,12.47,25.73,25.42,25.57,78.87,75.1,76.41,0,28.09
"2021-03-01 12:15:00",8621,60,14,1025,287,483.5,1046,283.3,478,9.91,4.622,7.261,272.2,10.65,25.93,25.46,25.66,78.19,74.9,76.21,0,28.14
"2021-03-01 12:30:00",8622,60,14.01,984,585.8,730.5,984,588.4,735.9,7.973,2.822,5.938,265.1,14.43,26.41,25.69,26.06,76.77,73.98,75.17,0,28.19
"2021-03-01 12:45:00",8623,60,13.99,656.1,468.6,533.4,719.1,468.5,536.7,6.139,2.082,4.172,235.5,10.6,26.71,26.24,26.48,76.32,73.27,74.43,0,28.26
"2021-03-01 13:00:00",8624,60,13.97,885,480.3,590.5,955,479.4,605.8,7.091,3.563,5.646,246,11.4,26.81,26.47,26.63,75.85,73.1,74.21,0,28.34
"2021-03-01 13:15:00",8625,60,13.97,1008,515.5,693.1,1039,523,704.2,20.39,4.163,11.26,290.7,17.9,27.56,26.61,27.07,75.54,66.23,70.43,0,28.39
"2021-03-01 13:30:00",8626,60,13.97,1195,527.2,791.6,1220,541.2,808,19.09,8.47,14.23,297.5,10.59,27.62,27.22,27.4,69.22,64.23,66.46,0,28.46
"2021-03-01 13:45:00",8627,60,13.97,656.1,333.9,490.8,668.3,334.1,498,15.7,9.03,12.46,279.4,8.53,27.62,27.25,27.4,70.3,64.8,67.01,0,28.51
"2021-03-01 14:00:00",8628,60,13.97,333.9,251.9,278.9,334.1,247,276.6,16.44,10.05,13.18,280.2,6.774,27.52,27.25,27.36,69.73,65.72,67.75,0,28.51
"2021-03-01 14:15:00",8629,60,13.98,1218,275.3,780.5,1242,276,793.7,18.38,9.35,14.6,282.7,8.63,27.63,27.18,27.42,71.13,65.22,67.49,0,28.53
"2021-03-01 14:30:00",8630,60,13.98,1274,345.6,675.8,1293,341.4,678.5,18.77,11.11,15.01,276.6,8.36,27.76,27.42,27.59,69.94,65.15,67.16,0,28.55
"2021-03-01 14:45:00",8631,60,13.98,1084,210.9,447.2,1090,207,446.6,16.51,8.86,12.86,284.6,12.29,27.87,27.59,27.72,70.21,64.44,66.73,0,28.59
"2021-03-01 15:00:00",8632,60,13.98,251.9,205,228.3,247,196.1,220.9,20.89,0.847,10.2,306.9,29.18,28.34,27.66,27.9,71.06,64.88,67.08,0,28.57
"2021-03-01 15:15:00",8633,60,13.99,322.2,216.7,274.8,316,207,265.5,12.77,5.327,8.92,307.9,22.86,28.44,27.7,28.09,72.01,62.57,66.55,0,28.57
"2021-03-01 15:30:00",8634,60,13.98,310.5,99.6,162,305.1,98.1,162.2,20.25,5.257,10.98,314,33.38,28,26.95,27.75,75.1,63.96,68.34,0,28.57
"2021-03-01 15:45:00",8635,60,14.01,240.2,117.2,210.2,243.3,123.5,208.7,21.1,1.552,6.447,344.1,17.23,27.02,25.86,26.14,81.5,74.69,79.56,0,28.57
"2021-03-01 16:00:00",8636,60,14.04,246,187.5,226.6,250.6,192.5,229.3,15.42,2.046,5.427,347.4,13.14,26.61,26.03,26.4,81.2,74.9,78.96,0,28.57
"2021-03-01 16:15:00",8637,60,14.05,184.5,134.7,159.3,192.5,141.7,162.9,13.44,4.198,9.57,337.5,19.8,26.64,25.83,26.33,77.72,73.17,75.76,0,28.56
"2021-03-01 16:30:00",8638,60,14.06,146.5,134.7,140.1,148.9,138,145.1,6.774,0,4.222,78.41,81.7,26.07,25.49,25.8,78.8,73.17,76.05,0,28.55
"2021-03-01 16:45:00",8639,60,14.07,140.6,117.2,127.3,145.3,119.9,129.8,7.867,2.717,5.128,183.1,22.7,25.76,25.42,25.58,79.65,76.22,77.23,0.254,28.56
"2021-03-01 17:00:00",8640,60,13.93,123,58.59,79.49,123.5,61.75,81.4,6.315,0,3.6,253,58.11,26.17,25.59,25.83,78.46,74.12,76.16,0,28.56
"2021-03-01 17:15:00",8641,60,13.94,99.6,58.59,79.71,101.7,65.39,81.7,7.691,2.364,4.846,17.34,24.35,26.03,25.15,25.47,85.4,77.82,82.8,0,28.56
"2021-03-01 17:30:00",8642,60,13.94,76.17,70.31,75.38,76.29,69.02,74.67,12.31,2.893,7.713,327.8,17.85,25.56,25.12,25.33,85.4,82.1,84.1,0,28.56
"2021-03-01 17:45:00",8643,60,13.76,70.31,46.87,57.48,69.02,43.59,55.54,12.07,5.645,8.52,333.4,12.28,25.49,25.15,25.32,84.7,82.1,83.3,0,28.56
"2021-03-01 18:00:00",8644,60,13.65,46.87,46.87,46.87,47.22,43.59,46.82,10.83,4.904,7.566,320.7,11.85,25.39,25.15,25.22,85.2,82.6,83.9,0,28.57
"2021-03-01 18:15:00",8645,60,13.61,46.87,32.22,40,47.22,36.33,41.53,9.6,3.528,7.06,329.8,8.68,25.6,25.22,25.41,84.9,83,83.9,0,28.56
"2021-03-01 18:30:00",8646,60,13.45,32.22,8.79,23.66,36.33,10.9,24.58,5.751,1.446,3.731,347.6,15.82,25.63,25.39,25.52,83.9,81.8,82.9,0,28.54
"2021-03-01 18:45:00",8647,60,13.26,8.79,2.929,4.264,7.265,0,3.633,7.232,2.187,4.616,349.4,17.37,27.2,24.55,25.56,82.5,80.9,81.7,0,28.56
"2021-03-01 19:00:00",8648,60,13.08,2.929,0,0.26,0,0,0,9.07,1.976,5.259,332.1,14.17,27.63,24.85,25.97,83.4,81.9,82.5,0,28.56
"2021-03-01 19:15:00",8649,60,13.06,2.929,0,0.065,0,0,0,8.15,2.787,5.16,22.59,39.92,27.6,24.78,25.76,85.1,82.8,83.6,0,28.55
"2021-03-01 19:30:00",8650,60,13.01,0,0,0,0,0,0,12.74,1.729,6.347,53.07,26.44,27.33,24.62,25.33,88,85.5,86.9,0,28.53
"2021-03-01 19:45:00",8651,60,13.1,0,0,0,0,0,0,12.59,2.258,7.149,39.12,21.85,26.62,24.01,24.67,92.2,87.9,90.5,0.254,28.52
"2021-03-01 20:00:00",8652,60,13.1,0,0,0,0,0,0,11.43,3.069,7.1,42.68,20.98,25.88,23.33,24.27,92.9,91.9,92.4,0.254,28.52
"2021-03-01 20:15:00",8653,60,13.1,0,0,0,0,0,0,12.31,2.964,6.467,48.96,21.32,25.58,22.89,23.9,93.2,92.1,92.5,0,28.49
"2021-03-01 20:30:00",8654,60,13.1,0,0,0,0,0,0,12.28,2.54,6.595,50.94,39.01,24.76,23.37,23.74,94,92.5,93,2.54,28.46
"2021-03-01 20:45:00",8655,60,13.09,0,0,0,0,0,0,8.01,0,5.13,329.1,9.65,25.75,23.37,24.06,94.4,93.1,93.8,3.048,28.46
"2021-03-01 21:00:00",8656,60,13.09,0,0,0,0,0,0,7.973,3.457,5.806,315.5,7.437,25.55,23.23,24.05,95.4,94.2,94.8,0.762,28.48
"2021-03-01 21:15:00",8657,60,13.09,0,0,0,0,0,0,14.68,4.445,9.47,295.4,10.65,25.65,23.23,24.11,95.4,93.4,94.4,0,28.49
"2021-03-01 21:30:00",8658,60,13.08,2.93,0,0.13,0,0,0,17.29,8.86,13.24,292.6,8.94,25.55,22.93,23.88,95.6,92.2,93.6,0.508,28.49
"2021-03-01 21:45:00",8659,60,13.08,0,0,0,0,0,0,14.99,7.162,10.66,291.6,9.64,25.34,23.2,23.65,94.5,91.3,93.1,0.762,28.49
"2021-03-01 22:00:00",8660,60,13.07,2.929,0,0.098,0,0,0,20.04,8.43,14.43,279.1,6.601,25.41,23.34,23.99,93.1,90,91.5,0.254,28.49
"2021-03-01 22:15:00",8661,60,13.07,2.93,0,0.814,0,0,0,19.55,13.02,16.05,277.9,5.551,25.1,23.23,23.94,94.1,90,92.4,0,28.47
"2021-03-01 22:30:00",8662,60,13.07,2.93,0,0.456,0,0,0,19.44,10.37,15.36,269.4,8.16,25.34,23.27,23.96,94.2,91.2,92.9,0,28.39
"2021-03-01 22:45:00",8663,60,13.07,2.93,0,1.693,0,0,0,17.18,8.75,13.73,269.8,8.08,25.75,23.54,24.25,93,89.2,91.3,0,28.33
"2021-03-01 23:00:00",8664,60,13.06,2.93,0,1.042,0,0,0,17.75,11.5,14.2,274.3,7.375,26.16,23.95,24.63,91.2,88,89.4,0,28.3
"2021-03-01 23:15:00",8665,60,13.06,2.93,0,0.814,0,0,0,16.3,10.05,12.88,258.1,7.465,26.12,23.88,24.41,91.1,87.4,89,0,28.28
"2021-03-01 23:30:00",8666,60,13.06,0,0,0,0,0,0,15.38,10.02,12.61,259.5,7.908,25.68,23.91,24.31,91.4,87.3,88.6,0,28.26
"2021-03-01 23:45:00",8667,60,13.06,0,0,0,0,0,0,19.19,9.03,13.34,285.8,17.07,25.85,23.91,24.44,92,88,89.7,0,28.23
"2021-03-02 00:00:00",8668,60,13.05,2.93,0,0.033,0,0,0,19.37,6.668,13.99,269.4,21.66,25.61,23.27,24.06,95.5,90.9,93.2,0.762,28.21
"2021-03-02 00:15:00",8669,60,13.05,0,0,0,0,0,0,17.11,10.13,13.56,260.7,8.29,25.07,23.34,23.87,93.9,89.2,91.5,0.508,28.19
"2021-03-02 00:30:00",8670,60,13.05,0,0,0,0,0,0,19.44,9.67,15.06,263.1,14.19,25.48,23.4,24.12,91.5,85.8,88.3,0.508,28.15
"2021-03-02 00:45:00",8671,60,13.04,2.93,0,0.618,0,0,0,22.26,8.82,17.01,297,9.16,25.24,23.13,23.96,92.8,86.5,89.6,1.016,28.13
"2021-03-02 01:00:00",8672,60,13.04,0,0,0,0,0,0,21.52,12.49,16.18,282.5,7.359,26.26,23.23,23.94,91.4,87.1,89.1,1.016,28.12
"2021-03-02 01:15:00",8673,60,13.03,2.93,0,0.033,0,0,0,20.82,9.98,14.98,277.2,12.03,25.78,23.23,24.12,90.4,87.2,88.8,0.508,28.12
"2021-03-02 01:30:00",8674,60,13.03,5.859,0,2.962,0,0,0,23.25,13.76,19.28,272.5,5.825,25.55,23.51,24.16,90.2,85.9,88.1,0,28.14
"2021-03-02 01:45:00",8675,60,13.03,5.859,0,2.311,0,0,0,24.98,15.14,19.9,280.7,7.746,25.82,23.64,24.51,93,85.6,88.7,0.508,28.15
"2021-03-02 02:00:00",8676,60,13.02,2.93,0,0.553,0,0,0,25.47,14.85,19.72,279.1,7.372,25.51,23.1,23.91,92.9,90,91.3,0.254,28.15
"2021-03-02 02:15:00",8677,60,13.02,2.93,0,2.897,0,0,0,24.2,16.51,21.13,272.3,7.34,25.51,23.1,23.69,94.1,89.9,91.6,0,28.15
"2021-03-02 02:30:00",8678,60,13.01,2.93,0,2.799,0,0,0,23.11,14.82,19.09,262.4,7.059,25.24,23.37,23.76,93.2,88.5,90.4,0,28.12
"2021-03-02 02:45:00",8679,60,13.01,5.859,2.929,3.027,0,0,0,23.85,15.73,19.77,258.2,5.46,25.61,23.51,24.1,92.6,87.7,89.6,0,28.1
"2021-03-02 03:00:00",8680,60,13,2.93,2.929,2.93,0,0,0,20.39,10.8,16.02,263.9,8.01,25.82,23.51,24.34,91.2,85.6,88.3,0,28.08
"2021-03-02 03:15:00",8681,60,13,2.93,0,1.269,0,0,0,15.45,6.738,10.53,272.3,9.5,26.09,23.68,24.52,88.6,84.4,86.1,0,28.06
"2021-03-02 03:30:00",8682,60,12.99,0,0,0,0,0,0,14.04,8.18,11.7,267.3,5.072,26.02,23.64,24.44,89.6,84.9,86.5,0,28.04
"2021-03-02 03:45:00",8683,60,12.99,2.93,0,0.033,0,0,0,13.72,7.762,10.57,263.6,9.02,26.19,23.74,24.57,88.5,84.1,86.1,0,28.01
"2021-03-02 04:00:00",8684,60,12.98,0,0,0,0,0,0,13.72,5.927,10.09,287.5,8.88,26.12,24.05,24.48,87.3,83.5,85.1,0,28
"2021-03-02 04:15:00",8685,60,12.97,2.929,0,0.065,0,0,0,16.58,6.28,9.97,297.9,16.46,26.39,23.91,24.73,86,81.6,83.8,0,28
"2021-03-02 04:30:00",8686,60,12.97,0,0,0,0,0,0,15.63,6.209,10.39,301.1,13.78,26.63,24.22,24.99,86.2,80.9,83.5,0.254,27.99
"2021-03-02 04:45:00",8687,60,12.95,0,0,0,0,0,0,15.73,5.292,10.01,313.1,8.87,26.36,23.98,24.69,87.5,83.3,84.9,0,27.99
"2021-03-02 05:00:00",8688,60,12.96,0,0,0,0,0,0,21.2,9.49,13.9,304.5,8.55,26.36,24.15,24.69,86.1,83.7,84.8,0,28
"2021-03-02 05:15:00",8689,60,12.95,0,0,0,0,0,0,16.97,7.444,12.26,303.4,9.93,26.39,24.05,24.66,87.3,84.6,85.5,0,28.02
"2021-03-02 05:30:00",8690,60,12.94,0,0,0,0,0,0,13.23,7.021,9.69,315.7,10.49,25.88,24.12,24.59,87.5,85.6,86.4,0,28.02
"2021-03-02 05:45:00",8691,60,12.93,0,0,0,0,0,0,12.17,6.668,9.3,314.6,9.32,25.95,23.95,24.41,88.1,86.4,87.3,0,28.03
"2021-03-02 06:00:00",8692,60,12.92,0,0,0,0,0,0,13.55,7.232,9.51,310.2,9.69,26.02,23.88,24.37,88.3,84.7,86.6,0,28.04
"2021-03-02 06:15:00",8693,60,12.91,0,0,0,0,0,0,14.43,6.139,10.25,312.4,8.27,25.99,23.91,24.43,88,84.2,85.7,0,28.06
"2021-03-02 06:30:00",8694,60,12.9,0,0,0,0,0,0,12.35,6.35,9.15,308.7,8.71,25.41,23.98,24.24,87.9,85,86.4,0,28.06
"2021-03-02 06:45:00",8695,60,12.89,2.929,0,1.595,3.633,0,0.928,14.01,7.021,10.18,313,8.5,25.75,23.71,24.29,86.9,84.2,85.4,0,28.06
"2021-03-02 07:00:00",8696,60,12.97,32.22,2.929,13.67,32.69,3.633,14.29,13.76,7.303,9.91,316.2,9.84,24.25,23.71,24.07,86.9,84.7,85.6,0,28.02
"2021-03-02 07:15:00",8697,60,13.08,41.01,32.22,35.97,39.96,32.69,38.43,16.62,6.209,10.66,310.4,10.7,24.49,24.02,24.34,85.4,82.6,83.9,0,28.03
"2021-03-02 07:30:00",8698,60,13.08,32.22,26.37,28.77,36.33,25.43,29.22,14.57,6.95,10.32,319.3,9.17,24.49,24.15,24.36,85.3,82.6,83.9,0,28.03
"2021-03-02 07:45:00",8699,60,13.14,73.24,23.44,49.41,76.29,21.8,50.94,14.71,6.28,10.21,312.3,11.05,24.32,23.74,24.03,89.3,84.9,87.2,0,28.03
"2021-03-02 08:00:00",8700,60,13.24,70.31,41.01,51.62,69.02,43.59,52.35,13.48,6.527,10.05,322.8,14.77,24.08,23.74,23.89,89.4,87.6,88.4,0.508,28.03
"2021-03-02 08:15:00",8701,60,13.45,169.9,76.17,135.3,170.7,72.66,134.2,14.68,5.327,8.7,319.3,15.02,23.98,23.54,23.7,90.9,88.2,89.6,0.254,28.02
"2021-03-02 08:30:00",8702,60,13.63,416,93.7,182.6,421.4,90.8,182,21.1,6.386,14.32,300.7,15.16,24.63,23.71,24.09,89.7,83.2,86.4,0,28.03
"2021-03-02 08:45:00",8703,60,13.96,498,169.9,344.8,504.9,170.7,348.1,19.12,8.61,15.56,295.3,9.4,25.14,24.49,24.82,84.7,79.92,82,0,28.02
"2021-03-02 09:00:00",8704,60,13.87,638.6,199.2,324.1,646.6,199.8,326.5,21.63,6.174,14.58,299.4,11.78,25.57,24.96,25.22,83.6,79.57,81.7,0,28.04
"2021-03-02 09:15:00",8705,60,13.98,673.8,251.9,465.7,679.3,250.7,467.8,20.22,9.42,14.23,310.5,9.33,25.93,25.43,25.64,81.7,75.85,78.47,0,28.06
"2021-03-02 09:30:00",8706,60,13.96,785.1,187.5,452.4,791.9,185.3,456.2,25.15,9.91,16.25,300.2,10.31,25.97,25.08,25.5,83.1,76.97,79.85,0,28.1
"2021-03-02 09:45:00",8707,60,13.97,896,190.4,390.2,904,188.9,392,19.86,12.17,15.98,293.9,8.13,25.52,25.15,25.31,84.3,78.29,81.4,0,28.13
"2021-03-02 10:00:00",8708,60,13.95,885,205,350.8,908,210.7,356.6,20.67,9.17,14.76,297.4,10.89,25.83,25.25,25.5,84,77.68,80.7,0.254,28.13
"2021-03-02 10:15:00",8709,60,14.03,914,295.9,704.5,941,305.1,722.3,18.49,9.17,14.11,298.5,9.08,25.73,25.18,25.43,83.2,77.79,80.3,0,28.14
"2021-03-02 10:30:00",8710,60,14.03,952,243.1,758.8,966,247,768,18.52,11.78,14.91,290.9,8.74,25.96,25.46,25.7,81.1,75.61,78.21,0,28.16
"2021-03-02 10:45:00",8711,60,14.02,1013,339.8,828,1013,334.2,836,17.75,10.76,13.77,293.2,7.761,25.76,25.42,25.6,81.3,77.34,78.91,0,28.21
"2021-03-02 11:00:00",8712,60,14.01,1013,474.5,925,1024,464.9,935,16.97,9.49,12.66,296.2,11.34,26.13,25.56,25.84,81.1,76.66,78.28,0,28.26
"2021-03-02 11:15:00",8713,60,14.01,1057,442.3,914,1082,439.5,919,16.48,8.61,12.57,280.3,7.708,26.3,25.76,26.01,80.8,77.11,78.45,0,28.31
"2021-03-02 11:30:00",8714,60,14,1324,322.2,869,1351,319.6,874,14.36,6.915,10.9,272.1,6.946,26.68,26,26.37,79.59,73.91,77.13,0,28.37
"2021-03-02 11:45:00",8715,60,13.97,1254,208,491.9,1286,214.3,497.8,17.6,4.798,11.6,279.7,11.84,27.22,26.54,26.96,76.73,69.8,72.9,0,28.42
"2021-03-02 12:00:00",8716,60,13.97,1283,190.4,430.8,1304,185.2,430.3,16.76,6.703,11.3,309.1,20.12,27.8,27.09,27.47,72.86,67.66,69.84,0,28.43
"2021-03-02 12:15:00",8717,60,13.99,1242,210.9,361.1,1257,210.7,356.4,15.28,4.41,9.56,343.4,20.16,28.14,27.6,27.84,70.48,66.81,68.53,0,28.43
"2021-03-02 12:30:00",8718,60,13.99,1236,216.7,324.1,1257,210.7,321.2,14.39,2.223,7.316,334.8,21.58,28.31,27.97,28.14,69.67,65.86,67.78,0,28.45
"2021-03-02 12:45:00",8719,60,13.99,1295,228.5,750.7,1322,236.1,833,17.43,1.693,10.17,316.8,22.09,28.41,27.73,28.09,70.58,66.54,68.23,0,28.49
"2021-03-02 13:00:00",8720,60,13.99,1189,275.3,573.3,1249,272.4,616.2,16.83,2.575,9.62,328.2,39.45,28.27,27.7,28.01,71.91,62.57,67.66,0,28.52
"2021-03-02 13:15:00",8721,60,13.92,1201,146.4,532.8,1206,145.3,533.5,8.54,0.282,4.55,338.8,60.51,28.44,28.04,28.23,69.06,63.82,66.29,0,28.52
"2021-03-02 13:30:00",8722,60,13.96,1119,128.9,386.4,1144,134.4,395.3,15.73,1.623,7.591,19.44,41.6,28.92,28,28.41,68.75,61.38,65.13,0,28.55
"2021-03-02 13:45:00",8723,60,13.96,1078,128.9,648.2,1101,130.8,658.3,17.11,0,8.82,4.729,35.65,28.48,27.53,27.86,71.94,67.87,70.1,0,28.55
"2021-03-02 14:00:00",8724,60,13.98,1183,210.9,471.4,1206,214.3,473,16.33,1.235,6.642,36.96,41.06,28.82,28.27,28.51,69.97,65.63,67.05,0,28.53
"2021-03-02 14:15:00",8725,60,13.98,1113,164,428,1119,163.4,429.2,16.05,1.835,9.16,3.688,23.52,28.68,28.17,28.43,68.92,65.76,67.41,0,28.51
"2021-03-02 14:30:00",8726,60,13.98,1087,181.6,321.9,1111,181.6,323.4,14.43,4.622,8.75,0.356,24.81,28.68,28.07,28.27,70.28,66.3,68.85,0,28.51
"2021-03-02 14:45:00",8727,60,13.98,1090,164,430.2,1104,159.8,429.6,16.72,2.752,9.94,343.5,22.98,28.61,28,28.28,71.47,66.95,69.88,0,28.51
"2021-03-02 15:00:00",8728,60,13.95,682.4,137.7,190.8,737.3,138,189.4,12.28,2.187,6.995,14.28,22.1,28.41,27.83,28.14,70.58,67.6,68.74,0,28.49
"2021-03-02 15:15:00",8729,60,13.98,808,128.9,168.8,843,123.5,165.8,14.82,2.893,7.353,7.6,18.22,28.07,27.73,27.89,71.03,68.41,69.68,0,28.41
"2021-03-02 15:30:00",8730,60,13.99,796.7,134.7,245.6,799,130.8,239.2,12.03,1.552,5.017,31.36,25.24,28.24,27.76,27.93,72.01,70.11,71.14,0,28.34
"2021-03-02 15:45:00",8731,60,13.99,908,152.3,417.3,904,152.5,412.5,26.18,2.858,12.76,18.65,26.3,28.34,27.53,28.06,71.64,68.21,70.14,0,28.36
"2021-03-02 16:00:00",8732,60,13.99,796.7,240.2,677.1,795.4,239.7,675.4,20.85,5.751,13.38,350.5,20.38,28.48,27.6,28.12,71.64,64.3,66.47,0,28.4
"2021-03-02 16:15:00",8733,60,13.99,729.3,222.6,521.7,726.4,217.9,516.7,17,3.634,8.79,359.9,18.54,28.78,28,28.37,68.92,65.59,67.31,0,28.44
"2021-03-02 16:30:00",8734,60,13.99,761.5,205,443.1,755.5,207,437.9,15.91,5.433,10.63,0.001,24.19,28.48,27.8,28.21,72.45,67.43,69.36,0,28.46
"2021-03-02 16:45:00",8735,60,13.99,249,128.9,198.8,254.2,130.8,204.8,17.04,5.08,9.81,11.01,17.18,27.87,25.46,26.45,86.2,70.21,80.6,0.254,28.44
"2021-03-02 17:00:00",8736,60,14.03,128.9,111.3,118.7,130.8,116.2,121.4,18.03,2.787,10.43,315.4,25.04,25.56,25.15,25.28,86.6,82.6,84.2,0.254,28.45
"2021-03-02 17:15:00",8737,60,14.06,117.2,87.9,109.4,123.5,87.2,110.7,17.32,9.63,14.09,294.4,6.351,25.39,25.08,25.22,87.1,81.1,84.2,0,28.48
"2021-03-02 17:30:00",8738,60,13.85,87.9,32.22,64.02,87.2,36.33,65.06,19.62,8.78,13.35,314.4,12.63,25.29,24.71,24.95,86.2,82,84.7,0,28.47
"2021-03-02 17:45:00",8739,60,13.59,32.22,20.51,25.94,36.33,21.8,27.77,25.47,9.6,18.06,307.2,18.27,24.81,23.89,24.31,90.7,82.8,87.2,1.778,28.48
"2021-03-02 18:00:00",8740,60,13.42,26.36,20.51,23.11,25.43,18.16,21.35,23.6,4.269,14.12,298,15.01,24.34,23.76,24.05,91.3,87.7,89.5,0,28.49
"2021-03-02 18:15:00",8741,60,13.32,20.51,8.79,17.8,18.16,10.9,15.94,17.32,4.586,11.69,294.3,12.55,24.79,24.07,24.38,91.3,83.6,88,1.27,28.46
"2021-03-02 18:30:00",8742,60,13.27,17.58,8.79,12.5,10.9,7.265,8.96,18.49,11.01,15.2,286.9,7.517,24.9,24.45,24.63,88.3,83.3,86,1.016,28.43
"2021-03-02 18:45:00",8743,60,13.24,14.65,2.929,8.56,7.265,0,5.166,17.25,9.6,12.92,290,7.902,26.56,24.7,25.01,87,83,85,0,28.41
"2021-03-02 19:00:00",8744,60,13.12,5.859,0,1.855,3.633,0,0.081,15.91,10.16,13.1,284,7.563,27.01,24.53,25.47,87.3,80.9,84.1,0.254,28.39
"2021-03-02 19:15:00",8745,60,13.11,2.93,0,2.213,0,0,0,14.5,6.033,10.42,292.1,22.73,27.41,24.49,25.55,86.1,79.51,82.5,0,28.33
"2021-03-02 19:30:00",8746,60,13.11,2.929,0,0.033,0,0,0,11.22,5.645,8.3,321,13.63,26.29,23.88,24.8,90,85.9,88.3,0,28.31
"2021-03-02 19:45:00",8747,60,13.1,0,0,0,0,0,0,12.84,5.116,8.55,311.2,10.17,26.43,23.71,24.56,90.9,88.8,89.8,0,28.29
"2021-03-02 20:00:00",8748,60,13.1,0,0,0,0,0,0,11.64,5.998,8.54,302.5,12.09,26.46,23.81,24.76,90,87.8,88.9,0,28.28
"2021-03-02 20:15:00",8749,60,13.1,0,0,0,0,0,0,17.43,5.751,11.24,293.4,8.9,26.94,24.25,24.96,88.3,83.4,85.6,0,28.28
"2021-03-02 20:30:00",8750,60,13.09,0,0,0,0,0,0,12.84,3.987,7.819,317.8,11.41,26.73,24.25,24.73,89,85.5,87.6,0,28.27
"2021-03-02 20:45:00",8751,60,13.09,0,0,0,0,0,0,8.11,1.552,4.25,351.2,24.62,26.33,23.64,24.36,90.4,88.6,89.3,0,28.26
"2021-03-02 21:00:00",8752,60,13.09,0,0,0,0,0,0,10.44,4.586,7.512,317.3,7.624,25.21,23.61,24.23,90.6,88.7,89.6,0,28.29
"2021-03-02 21:15:00",8753,60,13.08,0,0,0,0,0,0,11.04,6.033,8.08,325.2,16.05,25.58,23.81,24.38,90.2,88.6,89.3,0,28.29
"2021-03-02 21:30:00",8754,60,13.08,0,0,0,0,0,0,14.75,5.68,10.09,317.7,10.28,26.02,23.54,24.22,91.6,86.2,89.7,0,28.29
"2021-03-02 21:45:00",8755,60,13.08,0,0,0,0,0,0,13.87,4.551,9.15,316.5,9.43,26.22,23.78,24.61,87.3,84.3,85.7,0,28.29
"2021-03-02 22:00:00",8756,60,13.07,0,0,0,0,0,0,10.83,6.068,8.48,315.1,11.99,26.19,23.64,24.43,87.9,86.2,87,0,28.28
"2021-03-02 22:15:00",8757,60,13.07,0,0,0,0,0,0,13.48,7.197,10.01,316,9.33,25.89,23.47,24.02,88.5,85.6,87.1,0,28.24
"2021-03-02 22:30:00",8758,60,13.07,0,0,0,0,0,0,13.87,7.232,10.29,323.8,10.04,25.58,23.23,23.97,88.3,86.3,87.1,0,28.19
"2021-03-02 22:45:00",8759,60,13.06,0,0,0,0,0,0,11.04,5.398,7.566,321.7,8.6,25.58,23.64,24.11,88.4,85.5,86.8,0,28.14
"2021-03-02 23:00:00",8760,60,13.06,0,0,0,0,0,0,9.53,5.504,7.248,315.7,8.99,25.24,23.44,23.9,88.6,87.2,87.9,0,28.1
"2021-03-02 23:15:00",8761,60,13.06,0,0,0,0,0,0,11.47,5.786,8.06,320.7,7.627,25.48,23.37,24.14,87.4,85.2,86.3,0,28.08
"2021-03-02 23:30:00",8762,60,13.06,0,0,0,0,0,0,8.75,4.445,6.629,325.1,7.893,25.82,23.61,24.15,88.7,86.5,87.6,0,28.11
"2021-03-02 23:45:00",8763,60,13.05,0,0,0,0,0,0,8.54,4.304,6.364,326.5,11.99,25.58,23.44,23.96,88.1,86.5,87.3,0,28.2
"2021-03-03 00:00:00",8764,60,13.05,0,0,0,0,0,0,8.11,3.352,5.684,330.7,9.08,25.72,23.64,24.08,89,87.1,88,0,28.23
"2021-03-03 00:15:00",8765,60,13.05,0,0,0,0,0,0,7.762,3.916,5.574,330.2,11.22,25.38,23.23,23.93,88.8,87,87.7,0,28.23
"2021-03-03 00:30:00",8766,60,13.04,0,0,0,0,0,0,8.33,4.022,6.365,326.1,8.26,25.34,23.54,24.08,88.4,86.5,87.4,0,28.23
"2021-03-03 00:45:00",8767,60,13.04,0,0,0,0,0,0,7.762,1.693,4.775,333.8,12.83,25.1,23.34,23.86,89.1,87.9,88.4,0,28.23
"2021-03-03 01:00:00",8768,60,13.04,0,0,0,0,0,0,8.11,1.693,4.804,331.2,13.41,25.55,22.96,23.73,89.9,88.4,89,0,28.21
"2021-03-03 01:15:00",8769,60,13.02,0,0,0,0,0,0,8.15,2.787,5.572,324.7,9.5,24.97,23.17,23.71,89.8,88.5,89.1,0,28.2
"2021-03-03 01:30:00",8770,60,13.02,0,0,0,0,0,0,6.103,3.74,4.914,337.3,8.52,25.31,23,23.62,90.5,88.8,89.6,0,28.2
"2021-03-03 01:45:00",8771,60,13.02,0,0,0,0,0,0,6.35,4.092,5.245,341.9,6.435,24.93,22.66,23.41,90.7,89.7,90.2,0,28.13
"2021-03-03 02:00:00",8772,60,13.02,0,0,0,0,0,0,6.386,3.634,4.743,344.3,5.721,25.17,22.66,23.4,90.5,89.6,90,0,28.09
"2021-03-03 02:15:00",8773,60,13.01,0,0,0,0,0,0,6.95,3.846,5.571,342.4,5.3,25.21,22.69,23.33,90.5,89.3,89.8,0,28.04
"2021-03-03 02:30:00",8774,60,13.01,0,0,0,0,0,0,6.95,3.74,5.323,348.1,6.913,25.14,22.59,23.49,90.8,89.4,90,0,27.99
"2021-03-03 02:45:00",8775,60,13,0,0,0,0,0,0,6.421,2.964,4.584,342.7,12,25.44,22.49,23.58,90.1,88.3,88.8,0,27.97
"2021-03-03 03:00:00",8776,60,12.99,0,0,0,0,0,0,5.398,2.223,3.837,334.1,7.602,25.34,22.73,23.56,90.3,88.7,89.3,0,27.95
"2021-03-03 03:15:00",8777,60,12.99,0,0,0,0,0,0,6.492,3.881,5.038,338.9,6.296,25.17,22.59,23.47,90.6,89.1,89.9,0,27.97
"2021-03-03 03:30:00",8778,60,12.98,0,0,0,0,0,0,6.209,2.54,4.627,340.3,9.65,24.87,22.62,23.26,90.7,88.8,89.8,0,27.97
"2021-03-03 03:45:00",8779,60,12.98,0,0,0,0,0,0,6.809,3.14,4.674,342.2,8.95,25.04,22.76,23.46,90.5,89.7,90.1,0,27.95
"2021-03-03 04:00:00",8780,60,12.97,0,0,0,0,0,0,5.045,2.505,3.796,337.1,7.171,25.21,22.49,23.51,91.8,90.1,91.1,0,27.95
"2021-03-03 04:15:00",8781,60,12.97,0,0,0,0,0,0,6.668,3.246,4.758,337.5,6.82,25.17,22.56,23.35,92.6,91.4,91.9,0,27.98
"2021-03-03 04:30:00",8782,60,12.96,0,0,0,0,0,0,6.033,3.14,4.593,338.4,11.39,24.93,22.52,23.41,92.8,91.9,92.3,0,28.05
"2021-03-03 04:45:00",8783,60,12.95,0,0,0,0,0,0,10.02,3.881,6.281,321.9,9.99,25.34,22.83,23.53,92.8,89.6,91.3,0,28.1
"2021-03-03 05:00:00",8784,60,12.94,0,0,0,0,0,0,8.29,3.105,5.541,327.3,11.6,25.04,22.76,23.62,91.1,89.6,90.3,0,28.12
"2021-03-03 05:15:00",8785,60,12.94,0,0,0,0,0,0,8.86,4.481,6.869,314.9,10.55,25.31,22.49,23.52,90.1,86.6,88.1,0,28.14
"2021-03-03 05:30:00",8786,60,12.93,0,0,0,0,0,0,10.55,5.151,7.858,308.7,8.37,25.1,22.83,23.61,89.3,86.7,88.1,0,28.11
"2021-03-03 05:45:00",8787,60,12.92,0,0,0,0,0,0,9.07,4.657,6.947,310.7,10.04,24.73,22.59,23.4,90.6,88.7,89.6,0,28.01
"2021-03-03 06:00:00",8788,60,12.91,0,0,0,0,0,0,11.22,5.257,7.448,314.9,9.45,24.9,22.52,23.43,90.7,88.4,89.7,0,27.94
"2021-03-03 06:15:00",8789,60,12.9,0,0,0,0,0,0,8.11,3.528,5.856,314,8,25,22.52,23.46,89.2,87.7,88.4,0,27.88
"2021-03-03 06:30:00",8790,60,12.89,0,0,0,0,0,0,8.18,3.457,6.183,307.8,8.33,24.83,22.83,23.28,89.2,87,87.9,0,27.81
"2021-03-03 06:45:00",8791,60,12.88,2.93,0,0.521,3.633,0,0.484,8.29,4.198,6.613,312.3,10.58,25.04,22.69,23.53,89.3,87.1,88.3,0,27.78
"2021-03-03 07:00:00",8792,60,12.96,14.65,2.93,9.08,14.53,3.633,10.78,7.091,3.493,5.354,323.7,9.21,23.78,22.69,22.99,89.9,88,88.9,0,27.7
"2021-03-03 07:15:00",8793,60,13.03,32.23,14.65,23.05,36.33,14.53,24.5,7.232,3.457,5.388,319,9.39,23.17,22.86,22.98,90,87.7,89.1,0,27.65
"2021-03-03 07:30:00",8794,60,13.15,64.45,32.23,46,61.76,36.33,47.19,7.162,3.775,5.35,326.9,16.39,23.34,23,23.18,88.5,86.2,87.4,0,27.64
"2021-03-03 07:45:00",8795,60,13.33,93.7,64.45,73.43,90.8,61.76,73.95,9.31,3.987,6.343,329.4,16.2,23.54,22.89,23.16,86.2,82.3,84.8,0,27.64
"2021-03-03 08:00:00",8796,60,13.49,128.9,90.8,99.8,127.1,90.8,99.3,9.46,4.375,7.077,305.3,6.95,23.81,23.51,23.64,82.7,80.3,81.4,0,27.65
"2021-03-03 08:15:00",8797,60,13.63,263.7,111.3,152.5,265.2,112.6,154.2,8.82,5.08,7.275,310.6,11.2,24.22,23.61,23.81,81.8,77,79.86,0,27.61
"2021-03-03 08:30:00",8798,60,13.76,383.8,158.2,207.3,388.7,163.5,211.1,9.53,4.657,7.04,325.1,9.9,24.76,23.95,24.31,78.42,73.43,75.94,0,27.62
"2021-03-03 08:45:00",8799,60,13.64,158.2,140.6,148.8,163.5,141.7,150.9,9.49,3.352,6.323,309.4,13.87,24.76,23.97,24.3,78.69,73.77,76.47,0,27.68
"2021-03-03 09:00:00",8800,60,13.65,216.8,140.6,175.9,214.3,141.7,175.6,8.78,3.951,6.317,317.5,13.41,24.42,23.91,24.16,79.98,76.44,78.33,0,27.67
"2021-03-03 09:15:00",8801,60,13.72,257.8,205.1,226.3,254.3,203.4,224.2,11.78,5.116,7.823,303.5,13.39,24.62,24.18,24.38,80.4,76.75,78.37,0,27.67
"2021-03-03 09:30:00",8802,60,13.87,369.1,257.8,324.4,366.9,257.9,322.9,12.77,7.973,9.84,278.3,7.109,24.85,24.51,24.67,80.9,75.96,77.69,0,27.67
"2021-03-03 09:45:00",8803,60,14.03,474.6,360.3,407,479.5,359.6,408.6,9.74,5.715,8.14,285,14.16,25.36,24.65,24.98,78.98,73.51,76.22,0,27.69
"2021-03-03 10:00:00",8804,60,14.02,533.2,439.4,461.7,541.3,446.8,470.4,14.01,3.704,8.37,306.9,13.32,25.8,25.32,25.51,76.67,71.16,73.21,0,27.65
"2021-03-03 10:15:00",8805,60,14.03,1019,398.4,642.1,1061,414.1,661.9,11.29,5.116,8.09,290.4,13.52,25.9,25.46,25.67,75.68,71.13,73.01,0,27.76
"2021-03-03 10:30:00",8806,60,14.02,902,729.4,858,923,744.7,872,10.69,5.151,8.3,270.1,9.55,25.9,25.56,25.73,74.25,68.82,71.1,0,27.87
"2021-03-03 10:45:00",8807,60,13.99,902,867,883,908,872,890,11.54,5.962,9.16,265.2,7.123,26.1,25.69,25.81,74.35,70.04,71.63,0,27.93
"2021-03-03 11:00:00",8808,60,13.98,937,902,919,944,908,925,13.41,6.95,10.59,267,6.221,26.07,25.69,25.88,75.75,69.74,72.35,0,27.96
"2021-03-03 11:15:00",8809,60,13.99,967,937,952,973,944,959,13.3,7.515,10.44,268.8,6.607,26.47,25.83,26.14,74.69,68.85,71.22,0,27.99
"2021-03-03 11:30:00",8810,60,14,996,926,973,1002,930,980,14.96,7.021,11.23,271.7,6.818,26.58,26.24,26.41,73.88,68.38,70.19,0,28.05
"2021-03-03 11:45:00",8811,60,14.01,1019,990,1008,1024,999,1015,17.96,7.197,11.69,266.9,7.225,26.68,26.24,26.47,75.27,67.8,70.62,0,28.11
"2021-03-03 12:00:00",8812,60,14.01,1090,1013,1045,1097,1021,1052,15.81,9.03,12.57,283.6,11.25,27.46,26.61,27.04,70.89,61.45,66.19,0,28.18
"2021-03-03 12:15:00",8813,60,14.01,1125,263.6,997,1137,265.1,1004,25.26,2.47,11.99,291.7,31.14,27.93,27.29,27.67,67.22,58.05,63.31,0,28.28
"2021-03-03 12:30:00",8814,60,14.01,1277,644.4,1089,1278,624.7,1091,12.91,0.176,6.281,83.3,86.4,28.55,27.76,28.08,63.15,53.36,59.6,0,28.32
"2021-03-03 12:45:00",8815,60,13.99,1131,650.2,839,1235,642.9,878,17.25,0.141,6.55,306.3,34.71,29.06,28.44,28.77,61.01,48.51,54.45,0,28.41
"2021-03-03 13:00:00",8816,60,13.97,1423,761.5,940,1529,770,969,12.63,1.799,7.573,325.6,22.98,29.7,28.34,29.06,62.02,46.46,53.41,0,28.53
"2021-03-03 13:15:00",8817,60,13.95,1318,656.1,906,1333,664.7,919,12.7,3.069,8.31,321.7,18,29.49,28.77,29.14,54.92,46.93,51.96,0,28.59
"2021-03-03 13:30:00",8818,60,13.94,1365,465.7,603.9,1387,461.3,602.1,15.59,0,7.743,323.9,36.46,29.68,29.07,29.38,59.7,52.23,55.24,0,28.6
"2021-03-03 13:45:00",8819,60,13.93,1166,512.6,694.6,1162,501.2,693.4,16.76,2.681,9.1,12.1,24.26,29.2,28.59,28.82,59.59,53.48,56.85,0,28.61
"2021-03-03 14:00:00",8820,60,13.93,852,503.8,596.2,868,504.9,596.7,15.66,1.693,8.14,15.08,21.99,29.24,28.59,29,60.58,53.07,57.3,0,28.62
"2021-03-03 14:15:00",8821,60,13.93,1008,509.6,633.6,1010,508.5,634,14.71,3.704,10.1,2.871,18.71,28.69,28.29,28.49,62.38,58.4,60.74,0,28.6
"2021-03-03 14:30:00",8822,60,13.94,972,503.8,653.2,981,508.5,654.2,20.36,7.162,13.68,358,16.41,28.46,27.67,27.92,66.42,60.54,64.52,0,28.6
"2021-03-03 14:45:00",8823,60,13.95,914,527.2,702.3,915,526.6,702,13.48,2.328,8.65,359.5,25.42,29.03,27.84,28.5,64.65,58.07,61.66,0,28.56
"2021-03-03 15:00:00",8824,60,13.95,873,524.3,753.6,872,519.4,750.5,20.29,2.858,9.91,30.04,27.97,29.1,28.32,28.6,64.86,58.27,61.92,0,28.55
"2021-03-03 15:15:00",8825,60,13.95,914,468.6,579.8,923,468.5,580.6,19.47,2.117,10.43,51.41,23.99,28.56,26.76,27.79,74.98,59.39,66.7,0,28.54
"2021-03-03 15:30:00",8826,60,13.96,890,456.9,637.8,890,454,634,19.69,2.152,9.67,60.33,24.97,27.54,26.83,27.18,75.56,69.75,72.46,0,28.53
"2021-03-03 15:45:00",8827,60,13.97,885,363.2,474.8,886,370.5,476.8,17.39,3.493,9.34,70.68,23,27.14,26.36,26.75,76.48,72.06,74.71,0,28.5
"2021-03-03 16:00:00",8828,60,13.97,644.4,331,395.3,650.1,334.1,398.8,17.36,2.293,9.88,64.15,20.45,26.74,26.33,26.53,75.6,72.35,74.1,0,28.49
"2021-03-03 16:15:00",8829,60,13.98,392.5,287,328.2,395.9,283.3,328.2,15.56,0.741,9.43,67.37,19.39,26.81,26.37,26.55,75.48,73.13,74.16,0,28.49
"2021-03-03 16:30:00",8830,60,13.99,439.3,281.2,331.3,439.5,283.3,329.1,14.04,0.917,7.752,59.5,27.42,27.12,26.61,26.86,75.14,70.75,72.98,0,28.5
"2021-03-03 16:45:00",8831,60,13.99,471.6,292.9,406.6,468.5,290.6,403.8,12.95,1.482,7.153,60.85,28.91,27.32,26.81,27.13,73.3,68.51,70.95,0,28.5
"2021-03-03 17:00:00",8832,60,13.98,439.3,205,297.2,432.2,203.4,295,14.22,1.835,6.475,53.52,25.19,27.46,27.09,27.21,72.01,69.5,70.64,0,28.5
"2021-03-03 17:15:00",8833,60,13.97,205,134.7,171.7,203.4,134.4,170.6,9.84,1.164,5.725,25.41,23.14,27.56,27.09,27.28,70.82,68.34,69.83,0,28.49
"2021-03-03 17:30:00",8834,60,13.9,134.7,111.3,122.6,134.4,109,121.6,9.24,1.341,4.359,21.04,21.8,27.26,26.98,27.12,72.21,70.14,71.16,0,28.45
"2021-03-03 17:45:00",8835,60,13.82,111.3,87.9,99.7,109,87.2,98.3,8.15,1.729,4.248,10.15,14.31,27.22,26.71,26.96,73.64,71.3,72.39,0,28.38
"2021-03-03 18:00:00",8836,60,13.75,105.4,82,93.6,105.3,83.5,92.5,6.562,1.023,3.66,15.88,14.88,27.05,26.64,26.85,74.35,72.62,73.29,0,28.37
"2021-03-03 18:15:00",8837,60,13.69,93.7,58.58,75.7,94.4,61.75,75.51,5.045,0,2.774,21.68,18.27,27.12,26.71,26.89,74.97,72.35,73.39,0,28.38
"2021-03-03 18:30:00",8838,60,13.56,58.58,14.65,36.84,61.75,14.53,37.29,4.586,0,2.454,7.218,11.85,26.98,26.54,26.77,75.54,73.37,74.17,0,28.39
"2021-03-03 18:45:00",8839,60,13.2,14.65,0,4.231,14.53,0,4.359,3.422,1.517,2.569,345,13.99,28.44,25.96,26.59,78.57,74.35,76.59,0,28.42
"2021-03-03 19:00:00",8840,60,12.98,2.929,0,0.033,0,0,0,3.14,0,1.692,325.3,13.95,28.04,26.03,26.51,79.52,77.17,78.34,0,28.45
"2021-03-03 19:15:00",8841,60,12.9,0,0,0,0,0,0,4.057,1.552,2.995,337.7,12.34,27.46,25.62,26.13,82.2,77.89,80.4,0,28.45
"2021-03-03 19:30:00",8842,60,12.92,0,0,0,0,0,0,3.14,1.023,2.31,345.8,9.31,27.56,25.05,25.75,84,82,83,0,28.46
"2021-03-03 19:45:00",8843,60,13.01,0,0,0,0,0,0,3.563,1.552,2.582,352.9,8,27.09,24.81,25.52,85.7,84,84.9,0,28.46
"2021-03-03 20:00:00",8844,60,12.96,0,0,0,0,0,0,2.575,0.67,1.688,1.744,3.62,27.16,24.57,25.28,85.3,83.9,84.5,0,28.45
"2021-03-03 20:15:00",8845,60,13.01,0,0,0,0,0,0,2.505,0,1.666,357.2,3.928,27.26,24.61,25.31,85.2,83.9,84.5,0,28.44
"2021-03-03 20:30:00",8846,60,13.09,0,0,0,0,0,0,2.434,0.106,1.285,359.9,1.625,27.3,24.45,25.5,85.5,83.7,84.7,0,28.43
"2021-03-03 20:45:00",8847,60,13.09,0,0,0,0,0,0,4.375,1.693,3.054,348.7,5.573,27.23,24.41,25.24,87.8,84.7,86.3,0,28.43
"2021-03-03 21:00:00",8848,60,13.09,0,0,0,0,0,0,2.787,1.305,2.048,353.4,5.909,26.49,24.35,25.03,87.7,85.8,86.7,0,28.43
"2021-03-03 21:15:00",8849,60,13.09,0,0,0,0,0,0,4.375,1.976,3.073,344.3,5.623,25.98,24.25,24.62,88.7,87,87.7,0,28.42
"2021-03-03 21:30:00",8850,60,13.08,0,0,0,0,0,0,4.057,1.835,3.239,337.8,4.715,25.98,24.22,24.54,88.6,87.5,88.2,0,28.38
"2021-03-03 21:45:00",8851,60,13.08,0,0,0,0,0,0,3.951,2.011,2.899,333.1,7.067,25.54,23.88,24.3,89.7,87.7,88.8,0,28.36
"2021-03-03 22:00:00",8852,60,13.07,0,0,0,0,0,0,4.339,2.434,3.462,345,6.4,25.58,23.54,24.12,90.7,89,90,0,28.34
"2021-03-03 22:15:00",8853,60,13.07,0,0,0,0,0,0,4.551,2.223,3.43,346.3,9.04,25.51,23.13,23.87,89.4,87.7,88.7,0,28.32
"2021-03-03 22:30:00",8854,60,13.07,0,0,0,0,0,0,4.939,0.847,3.086,342.4,7.338,25.82,23.51,24.06,89,85.2,87.3,0,28.31
"2021-03-03 22:45:00",8855,60,13.06,0,0,0,0,0,0,5.468,1.87,4.176,343.8,5.937,25.85,23.51,24.26,87.5,85.2,86.3,0,28.32
"2021-03-03 23:00:00",8856,60,13.06,0,0,0,0,0,0,6.245,4.586,5.471,338.1,3.626,25.55,23.54,24.13,88.4,86.9,87.5,0,28.33
"2021-03-03 23:15:00",8857,60,13.06,0,0,0,0,0,0,5.645,3.422,4.725,332.6,6.386,26.19,24.25,24.64,87.8,86.6,87.1,0,28.34
"2021-03-03 23:30:00",8858,60,13.06,0,0,0,0,0,0,4.692,2.258,3.56,332.2,6.898,25.85,24.25,24.53,89.8,87.4,88.5,0,28.33
"2021-03-03 23:45:00",8859,60,13.05,0,0,0,0,0,0,5.856,3.457,4.653,334.8,7.884,25.85,24.02,24.31,90.6,89.3,90,0,28.32
"2021-03-04 00:00:00",8860,60,13.05,0,0,0,0,0,0,6.386,3.704,4.909,336.3,8.18,25.38,23.71,24.21,90.8,89.6,90.1,0,28.32
"2021-03-04 00:15:00",8861,60,13.05,0,0,0,0,0,0,5.786,2.399,3.869,339.7,10.03,25.95,23.51,24.19,90,88.8,89.5,0,28.32
"2021-03-04 00:30:00",8862,60,13.04,0,0,0,0,0,0,6.315,1.623,4.052,338.8,12.38,26.33,23.78,24.44,88.9,86.9,87.7,0,28.31
"2021-03-04 00:45:00",8863,60,13.04,0,0,0,0,0,0,5.645,2.223,4.16,324.3,7.806,26.43,24.15,24.49,89.5,87.6,88.6,0,28.3
"2021-03-04 01:00:00",8864,60,13.03,0,0,0,0,0,0,6.068,2.822,4.355,329.6,8.47,25.41,23.85,24.36,90.3,89.2,89.7,0,28.29
"2021-03-04 01:15:00",8865,60,13.03,0,0,0,0,0,0,6.492,3.669,5.103,328.5,7.436,25.07,23.64,24.17,90.5,89.6,90,0,28.28
"2021-03-04 01:30:00",8866,60,13.02,0,0,0,0,0,0,7.127,3.81,5.347,321.5,10.16,25.99,23.47,24.25,90.6,86.7,89.1,0,28.26
"2021-03-04 01:45:00",8867,60,13.02,0,0,0,0,0,0,9.42,5.01,6.926,314.2,8.3,26.16,23.91,24.48,87.3,84.8,86.1,0,28.26
"2021-03-04 02:00:00",8868,60,13.02,0,0,0,0,0,0,9.53,4.163,6.25,321.3,9.87,25.92,23.91,24.48,87.1,84.3,86.2,0,28.26
"2021-03-04 02:15:00",8869,60,13.01,0,0,0,0,0,0,7.585,4.481,6.068,316.4,7.632,25.78,23.91,24.34,87.3,86,86.6,0,28.26
"2021-03-04 02:30:00",8870,60,13.01,0,0,0,0,0,0,10.62,4.657,7.795,305.5,14.72,26.63,24.15,24.91,86.8,80.7,83.4,0,28.26
"2021-03-04 02:45:00",8871,60,13,0,0,0,0,0,0,7.867,3.916,5.775,325.3,10.71,26.26,24.05,24.67,86.1,83.7,85.3,0,28.26
"2021-03-04 03:00:00",8872,60,13,0,0,0,0,0,0,9.07,3.599,6.016,319,9.34,25.75,24.05,24.27,85.6,83.4,84.6,0,28.25
"2021-03-04 03:15:00",8873,60,12.99,0,0,0,0,0,0,6.738,2.152,4.699,322.9,10.97,25.17,23.68,24.21,85.5,83.7,84.5,0,28.25
"2021-03-04 03:30:00",8874,60,12.99,0,0,0,0,0,0,11.68,3.916,7.017,304.7,10.49,25.51,24.02,24.41,85.9,78.12,82.9,0,28.25
"2021-03-04 03:45:00",8875,60,12.98,0,0,0,0,0,0,12,6.88,8.74,317.2,8.86,26.6,24.59,25.03,80.3,76.93,78.55,0,28.24
"2021-03-04 04:00:00",8876,60,12.96,0,0,0,0,0,0,11.47,5.856,8.6,306.3,10.88,26.73,24.59,25.35,78.39,75.77,76.93,0,28.24
"2021-03-04 04:15:00",8877,60,12.95,0,0,0,0,0,0,14.61,5.257,9.62,302.7,12.96,26.87,24.49,25.41,79.03,74.65,76.92,0,28.23
"2021-03-04 04:30:00",8878,60,12.97,0,0,0,0,0,0,10.94,5.116,7.197,314.5,10.98,26.5,24.42,25.11,82,77.3,79.35,0,28.22
"2021-03-04 04:45:00",8879,60,12.96,0,0,0,0,0,0,8.36,4.375,6.156,315.1,8.7,26.26,23.95,24.4,84.4,79.71,82.1,0,28.21
"2021-03-04 05:00:00",8880,60,12.95,0,0,0,0,0,0,8.43,4.057,6.326,322.1,6.681,25.75,23.85,24.25,83.5,79.51,81.5,0,28.21
"2021-03-04 05:15:00",8881,60,12.95,0,0,0,0,0,0,6.492,3.704,4.967,316,8.6,25.41,23.64,24.11,83.6,80.3,82,0,28.21
"2021-03-04 05:30:00",8882,60,12.94,0,0,0,0,0,0,6.209,2.964,4.208,341,9.92,25.51,23.06,24.08,85.8,83.7,84.8,0,28.2
"2021-03-04 05:45:00",8883,60,12.93,0,0,0,0,0,0,5.574,1.058,3.446,340.8,10.47,25.31,22.93,23.69,86.1,84.4,85.4,0,28.19
"2021-03-04 06:00:00",8884,60,12.92,0,0,0,0,0,0,5.715,3.704,4.764,336.4,9.78,25.55,23.06,23.71,85.2,81.6,83.5,0,28.17
"2021-03-04 06:15:00",8885,60,12.91,0,0,0,0,0,0,5.433,3.599,4.424,335.3,5.075,25.41,23.13,23.75,84.5,81.3,83.1,0,28.14
"2021-03-04 06:30:00",8886,60,12.91,0,0,0,0,0,0,4.763,2.717,3.698,339.7,7.237,25.31,23.03,23.66,85,83.3,84.3,0,28.12
"2021-03-04 06:45:00",8887,60,12.9,2.93,0,0.358,0,0,0,5.221,2.681,3.942,334.1,8.92,25.34,23.13,23.72,84.5,82.2,83.2,0,28.12
"2021-03-04 07:00:00",8888,60,12.94,11.72,2.929,5.631,10.9,0,5.449,11.01,2.964,5.604,328.7,17.54,25.41,23.57,23.81,84.7,79.41,83.1,0,28.08
"2021-03-04 07:15:00",8889,60,13,26.37,11.72,17.15,29.06,14.53,17.32,12.03,4.622,8.36,316.6,11.21,24.19,23.81,24.03,80.4,76.89,78.65,0,28.06
"2021-03-04 07:30:00",8890,60,13.04,32.23,26.37,31.41,36.33,29.06,33.22,10.73,4.974,8.08,321.6,9.13,24.32,23.95,24.08,78.73,75.5,77.15,0,28.08
"2021-03-04 07:45:00",8891,60,13.07,35.15,26.37,29.49,36.33,29.06,32.09,8.82,4.304,6.537,308.7,8.63,24.19,23.91,24.03,78.9,76.18,77.63,0,28.09
"2021-03-04 08:00:00",8892,60,13.09,52.73,26.37,33.62,47.22,29.06,33.95,10.62,3.81,6.819,303.6,13.08,24.19,23.91,24.04,80.5,76.79,78.45,0,28.1
"2021-03-04 08:15:00",8893,60,13.23,99.6,52.73,78.96,98.1,47.22,78.22,10.97,4.798,7.671,310.6,14.54,24.42,24.02,24.19,80.5,74.89,77.82,0,28.1
"2021-03-04 08:30:00",8894,60,13.42,126,99.6,107.2,127.1,98.1,106.7,7.938,3.493,5.362,307.6,11.15,24.36,23.98,24.12,80.2,77.06,78.69,0,28.1
"2021-03-04 08:45:00",8895,60,13.61,240.2,128.9,189.7,243.4,127.1,187,14.29,3.881,8.76,297.9,16.91,24.73,24.19,24.47,78.93,72.24,75.86,0,28.12
"2021-03-04 09:00:00",8896,60,13.97,708.9,234.4,482.8,715.6,236.1,482.4,12.67,6.562,10.12,290.3,9.05,25.3,24.56,24.92,76.25,67.44,71.64,0,28.14
"2021-03-04 09:15:00",8897,60,13.89,761.7,251.9,383.6,770.1,250.7,384.9,13.72,8.01,11.37,287.4,7.808,25.37,24.88,25.1,74.94,67.98,71.2,0,28.17
"2021-03-04 09:30:00",8898,60,14.01,867,375,658.6,865,374.2,662,18.17,8.78,12.91,291.9,8.06,25.63,24.88,25.29,75.34,64.88,69.78,0,28.18
"2021-03-04 09:45:00",8899,60,13.99,527.2,351.5,420.4,533.9,352.4,421.6,19.16,12.49,16.03,287,6.255,25.76,25.39,25.53,71.71,63.82,67.86,0,28.21
"2021-03-04 10:00:00",8900,60,14,1078,304.6,481.7,1097,301.5,483.4,17.29,8.36,14.08,296.2,6.328,25.86,25.42,25.63,72.32,65.22,67.92,0,28.23
"2021-03-04 10:15:00",8901,60,13.99,380.8,287,322.2,374.1,286.9,318.7,17.08,10.05,13.17,293.8,7.71,26.07,25.69,25.91,69.74,62.64,65.82,0,28.23
"2021-03-04 10:30:00",8902,60,13.98,313.4,257.7,284.4,308.7,254.2,282.2,16.37,7.938,11.62,295.6,7.343,26.24,25.96,26.08,70.18,62.84,65.68,0,28.24
"2021-03-04 10:45:00",8903,60,13.98,322.2,275.3,293.3,319.6,272.4,286.8,12.77,5.221,9.07,299.2,8.68,26.64,26,26.28,67.46,61.38,64.16,0,28.25
"2021-03-04 11:00:00",8904,60,14.01,372,328,354.8,374.1,323.3,354.8,13.12,5.327,9.28,298.3,10.41,26.78,26.47,26.62,66.95,59.54,62.38,0,28.26
"2021-03-04 11:15:00",8905,60,14.01,920,322.2,375.9,995,323.3,383.6,10.27,2.046,7.046,323.3,14.96,27.53,26.64,27.13,62.87,58.39,60.32,0,28.26
"2021-03-04 11:30:00",8906,60,14.01,1224,656.1,1017,1246,639.2,1034,11.64,3.951,7.283,292.1,22.32,27.8,27.12,27.43,63.72,58.02,60.63,0,28.29
"2021-03-04 11:45:00",8907,60,14,1347,527.2,1073,1369,526.6,1084,16.41,3.14,10.42,281.9,17.32,27.56,27.15,27.35,62.67,56.45,59.48,0,28.34
